6960
4110
2840
9055
7115
6649
9944
1020
5478
9151
7144
6693
9480
6540
4565
4356
3990
9440
5200
9068
1754
5486
2766
5428
7442
1933
8043
6980
5384
8711
2022
6121
6469
3061
8151
1308
7860
4800
7892
6699
4472
4889
5249
1078
7887
1835
9361
7474
6085
4463
6711
7037
9940
4150
1406
6368
9548
3600
6270
2690
1565
3362
7631
8298
6449
7474
6085
4463
6711
7037
9940
4150
1406
6368
9548
3600
6270
2690
1565
3362
7631
8298
6449
7474
6085
4463
6711
7037
9940
4150
1406
6368
9548
3600
6270
2690
1565
3362
7631
8298
6449
7474
6085
4463
6711
7037
9940
4150
1406
6368
9548
3600
6270
2690
1565
3362
7631
8298
6449
7474
6085
4463
6711
7037
9940
4150
1406
6368
9548
3600
6270
2690
1565
3362
7631
8298
6449
7474
6085
4463
6711
7037
9940
4150
1406
6368
9548
3600
6270
2690
1565
3362
7631
8298
6449
7474
6085
4463
6711
7037
9940
4150
1406
6368
9548
3600
6270
2690
1565
3362
7631
8298
6449
7474
6085
4463
6711
7037
9940
4150
1406
6368
9548
3600
6270
2690
1565
3362
7631
8298
6449
7474
6085
4463
6711
7037
9940
4150
1406
6368
