471757419182649600 [19,51,53,67,78,57,477,737,390,114,561,424,1092,95,357,804,624]
7280883417600000 [5,30,50,78,114,25,330,700,468,228,360,150,312,1254,20,240,450,936,1026]
7095298129920 [2,38,26,23,11,190,338,16,304,312,77,10,152,286,22]
1812420213811200 [18,17,84,9,127,72,102,168,90,635,36,119,840,99,1397,126,136,756,1143]
2274272389509120 [14,22,11,78,50,84,198,132,156,550,196,220,44,624,450,42,154,121,546,350]
3004721368104960 [2,21,86,68,96,6,63,946,884,960,24,273,172,680,84,544,384]
5843515745894400 [18,48,1,86,132,180,384,5,172,252,144,6,1320,90,8,1848]
30595325239987200 [8,35,19,30,154,80,315,209,270,1540,16,114,330,462,24,420,38,360,1386]
1544468563530612736 [6,48,43,86,96,60,336,559,258,1248,12,480,129,172,1056,84,384,688]
124625890569600 [19,45,28,124,29,38,360,1488,171,540,168,868,116,57,405,392,744,232]
3367226688000 [8,51,71,5,49,204,55,686,56,994,45,539,48,561,497]
33820967066664960 [18,28,81,78,80,252,243,858,160,234,336,405,720,90,168,162,960]
265421318400000 [7,18,75,25,43,49,36,300,150,344,56,234,825,350,172,70,525,129]
48470520268800 [1,10,13,19,129,3,70,182,228,903,7,120,26,209,1290,90,117,1161]
28649630016000 [15,6,14,118,57,60,112,1416,570,30,1298,120,12,182,590,741]
94312529185996800 [5,17,85,64,118,60,136,1190,576,708,45,238,935,384,1652,204,765,944]
951818649600000 [15,28,24,10,95,150,308,96,40,1045,210,364,288,140,760,135,56,264,130,190]
297495918720000 [10,29,77,46,18,60,261,1078,460,198,130,348,231,230,54,406,506,234]
6564805632000 [14,29,28,1,44,56,348,196,308,84,406,364,10,484,112,319,2,220]
3418054064409600 [17,51,55,101,19,221,459,715,1414,114,204,255,275,606,306,220,1212,228]
398930127166771200 [16,42,69,87,17,208,504,138,696,34,870,51,420,966,957,153]
80581984528500000 [15,35,26,89,133,195,385,312,1246,931,175,286,979,399,150,350,338,267,665]
992243111844741120 [13,26,49,82,73,182,686,511,104,156,147,738,584,39,588,656,803]
2759872065589739520 [3,2,86,53,146,42,10,172,424,292,6,16,860,742,1168,24,688,106]
309967569338499072 [7,13,17,16,141,63,182,221,48,1692,14,169,187,104,136,192]
66419217100701696 [19,33,86,62,127,247,396,868,1397,133,363,774,124,381,114,429,344,248,889]
181644591744000 [15,53,72,77,94,135,106,216,470,75,689,1222,30,360,154]
438171503616000 [10,1,11,83,108,60,5,88,332,1296,110,13,77,498,1404,830]
1999196522345594880 [5,39,71,47,154,70,507,568,235,616,45,351,213,611,308,30,390,852,376,2002]
5833974456677150720 [19,39,89,84,42,209,468,178,1008,462,228,429,1157,252,546,57,234,623,756,588]
704703851421696000 [17,35,27,118,112,204,140,297,354,1008,221,420,236,1568,136,280,378,336]
4880482158182400 [7,8,11,77,114,84,88,66,770,912,63,32,99,154,342,56,462,570]
26873856000000 [16,3,6,50,154,160,36,66,550,1540,64,9,250,2002,48,15,84,500,2156]
4163208250320000 [15,51,28,117,71,135,510,336,819,781,102,224,585,355,90,357,252,1638,142]
1194986913792000 [8,43,59,74,148,72,215,413,1480,40,826,444,592,64,559,767,740,2072]
3395450741760 [2,3,23,40,134,28,6,138,280,1742,33,69,120,670,39,200,1340]
1404285820600320 [4,24,68,108,137,12,168,136,540,411,28,72,612,756,1781,32,216,476,1404]
1463210000166915000 [1,5,87,70,116,8,20,870,700,928,11,40,348,420,1392,10,50,1131,770,1508]
2051193282232320 [16,4,53,43,3,128,36,318,516,30,208,56,742,258,33,52,212,473,6]
86341889088000 [19,13,74,10,123,171,104,90,38,65,666,40,984,114,78,444,70,1476]
51240058748928000 [19,12,42,6,112,266,108,48,1568,38,132,72,1120,114,336]
647135704650240 [16,26,71,95,65,176,312,426,570,195,160,760,520,48,338,852,950,325]
1288529197956000 [13,1,8,63,110,104,11,64,882,770,78,3,88,126,440,7,40,504]
15111355883323392 [6,31,66,37,4,78,528,481,36,54,403,16,30,124,594,52]
3431174924943360000 [18,44,80,90,139,108,88,1040,900,1807,176,640,1170,556,144,484,320,1260]
70795306874476800 [19,53,5,79,76,228,265,55,553,988,38,583,158,608,57,477,869,304]
2779131143247782400 [11,12,89,62,136,33,156,445,248,1904,154,36,890,124,952,110,48,623]
7324146966528000 [14,32,10,103,144,182,160,40,618,1584,90,515,864,196,448,824]
192753699897507840 [10,34,6,26,52,100,18,364,140,442,286,728,20,476,78,104]
10197445902336000 [8,49,22,108,80,112,588,110,1512,480,48,198,972,880,147,132]
714120541729920 [13,39,61,3,94,156,234,549,33,940,390,122,21,351,366,658]
6908399950233600 [8,2,68,104,20,18,680,1456,220,96,612,1352,88,408,832,280]
1113824719687680 [5,9,54,6,26,20,72,162,78,130,35,27,378,36,286,756,312]
121820307242400 [9,53,1,79,93,117,742,7,711,372,81,318,5,395,2,474,837]
26776805540352000 [1,47,83,85,39,2,235,581,1190,312,12,94,1162,170,234,7,188,498,1105,468]
1040163379200000 [8,32,44,33,151,48,160,616,363,1510,72,224,88,165,302,16,448,528]
50932675584000 [4,27,19,32,46,48,135,114,320,56,189,190,64,184,162,448]
1009228750770240000 [11,37,73,123,25,333,146,984,325,154,296,584,246,300,77,222,949,250]
37850878872576000 [11,5,36,116,155,22,70,288,1160,775,99,10,72,1044,1395,35,348,465]
266933602656000 [14,44,72,15,93,176,144,75,1023,28,308,792,105,186,616,504,135,558]
4216970419200 [7,22,72,115,13,21,198,864,26,14,216,1150,104,98,264,792,1265,117]
23309504467200 [8,17,37,41,13,112,204,185,164,26,170,444,574,156,72,221,117]
1236594836131200000 [12,35,34,80,111,120,455,408,480,1221,156,175,442,999,84,280,204,1040,1443]
3267418679249760000 [9,25,59,57,126,99,225,472,399,882,81,125,413,756]
10725747611904 [5,27,17,61,148,10,135,671,1776,70,162,204,793,1924,35,216,68,366]
87136378560000 [11,27,56,25,33,143,216,392,396,121,297,672,350,66,728,231]
309905187541488 [6,41,2,84,157,12,492,8,252,1727,420,628,287,672,785]
371171082240 [4,21,1,61,131,48,294,10,793,1572,8,105,610,28,168,7,183,393]
68871409064640 [2,6,39,42,79,8,18,195,504,316,54,351,474,60,294,711]
998831554560000 [16,20,7,10,154,32,260,98,70,308,96,200,49,770,80,160,1540]
66766233928826880 [1,48,76,79,151,3,384,228,553,11,288,380,1106,1661,7,480,632,1510]
2228286180556800 [7,24,70,93,138,14,910,837,552,84,312,744,1242,120,490,372,828]
1314295041024000 [16,42,40,59,87,160,588,240,826,609,64,168,200,354,1218,32,252,120,118,348]
6870682828800000 [6,16,86,20,80,54,208,946,160,480,72,64,120,30,1204,200,720]
768308055857168384 [17,40,72,94,76,119,280,216,752,228,85,160,432,846,170,440,720]
516634896099840 [9,1,83,89,49,108,581,267,245,27,890,490,45,13,664,534,196]
225368816400000 [5,51,35,82,94,15,246,470,65,408,105,658,10,459,385,820,1128]
1095316992000000 [7,50,42,43,80,70,650,462,172,800,56,100,504,473,1120,14,500,126,559,320]
256975636738867200 [7,28,22,18,79,35,84,308,252,711,49,280,110,162,1027,168,176,72,869]
1046053490625000 [19,15,55,90,65,209,45,330,900,845,171,150,110,180,195,152,270,650]
6154505280000 [2,22,41,29,150,20,154,574,290,1800,66,205,1350,26,198,246,116,1050]
181585739168870400 [1,40,78,62,131,4,400,234,806,1441,3,280,156,434,393,14,240,468,1703]
2018395387008000 [12,21,48,86,55,108,252,480,172,275,60,189,624,860,660,84,688]
125309431296 [1,6,65,118,146,12,910,826,584,9,78,650,1416,2044,1180,730]
638284576849920000 [6,1,86,80,117,42,13,1032,320,1521,30,10,1204,880,1638,36,3,172,1040]
5226156095013126144 [18,27,80,25,72,180,324,400,100,1008,252,243,800,75,504,234,378,1040,936]
293462507520 [4,16,62,2,1,24,64,28,9,112,248,8,14,208,22]
47603817676800000 [7,5,55,47,64,63,30,329,832,10,605,658,256,42,15,495,896]
582481817850240 [7,4,77,61,32,49,56,770,488,96,36,1078,244,384,21,12,1001,122,224]
27109095552000000 [12,36,50,121,21,84,396,200,1694,105,48,144,100,210,156,360,500]
26073567439920000 [18,53,38,13,104,72,583,228,52,144,318,456,1352,252,265,418,65,208]
3346601665075200 [5,42,38,14,112,294,190,154,448,10,126,266,70,1568,25,84,152,196,1008]
34719432592965120 [9,1,20,76,131,126,12,120,152,1834,99,100,912,1703,11,240,1064]
113487454080000 [3,15,39,27,80,195,312,270,800,18,30,400,33,90,429,216,160]
24565818560025600 [13,46,61,18,120,276,427,180,1200,117,230,488,162,1320,130,644,610,960]
3195275158817280 [14,11,21,9,127,168,88,147,36,889,84,55,105,63,1143,112,121,126,117,381]
8689172704273152000 [13,30,33,111,52,143,420,198,1554,676,130,240,297,78,150,396,222,312]
15547542091361280 [13,14,33,102,81,91,28,363,816,567,130,140,204,972,78,196,330,1326,729]
427335235923456 [4,21,65,32,87,231,325,160,261,56,273,780,256,1218,40,42,650,352,609]
1383415718400000 [17,2,20,38,45,51,18,80,380,315,34,10,60,266,405,170,22,200,190,540]
